182,4468.5
43,7630.9
281,9535.6
453,7275.0
255,79971.0
331,14759.1
355,1976.2
10,2703.6
178,4124.9
407,90668.0
425,2297.6
186,5965.9
74,9084.8
101,2500.8
227,51446.0
229,994.2
71,8688.1
493,522.0
300,5427.5
200,4116.9
357,525.0
301,1055.3
142,10455.0
50,2003.7
134,8720.1
189,4690.0
172,3601.0
225,5535.1
72,15027.7
479,2920.2
57,802340.0
163,5974.3
212,5963.0
60,9470.3
105,3723.7
157,1865.3
202,6188.0
63,6220.1
73,3607.0
369,7104.7
492,4366.8
145,6250.8
144,4587.0
461,5881.2
481,3065.9
68,73849.6
138,6771.0
267,3276.1
410,3756.6
351,5968.7
378,4088.5
373,2597.4
474,4772.8
54,744.2
107,70901.2
8,3242.9
409,1798.4
477,831.6
429,8641.4
494,1979.4
80,3431.9
136,6334.8
349,2570.9
143,2883.4
132,4227.8
29,2763.1
27,2049.6
67,2021.7
196,1783.9
146,4453.9
319,3786.6
389,14578.4
298,5981.7
430,8013.0
232,9441.1
85,6835.0
124,6307.7
450,8614.5
104,7960.0
52,8601.5
241,6409.3
285,7548.2
462,506.3
18,2809.6
324,2397.4
296,48527.7
387,96377.3
185,6911.4
447,5683.9
312,2776.3
289,1853.5
402,3017.0
417,3267.1
288,4426.0
303,32118.0
203,4200.7
436,16966.7
476,496.3
385,8527.5
465,5511.2
313,3517.9
235,2729.5
211,6355.0
395,6383.3
126,2684.9
148,7982.9
258,10626.3
106,8527.3
367,3121.8
247,2771.0
42,2298.0
162,2635.8
393,4066.4
254,426370.0
116,5176.8
295,3318.2
315,6532.8
6,8059.8
307,40961.6
5,4347.1
233,999.3
399,3477.0
199,7681.7
184,1963.8
444,11272.0
279,3123.2
113,6390.7
11,5192.6
3,4058.7
418,1833.9
443,8035.3
44,5389.6
242,71397.8
222,9998.6
468,1764.1
253,3426.8
109,6267.0
133,43830.0
149,6134.5
198,6819.7
237,2298.6
193,6338.0
485,35870.0
318,6182.1
337,7082.2
264,21780.0
293,288.0
439,8551.9
103,4817.1
121,90784.1
25,1996.7
170,3546.9
299,1439.5
423,2802.9
277,3399.0
455,5598.3
130,40650.2
306,3152.9
219,6060.7
176,8260.8
403,3360.0
304,70047.8
164,6075.5
38,750.9
406,73390.7
446,7448.8
451,5600.4
411,3555.5
358,6489.1
260,9993.1
169,6191.1
17,7828.2
452,1684.8
330,2309.8
345,47309.6
213,19854.9
259,4089.1
457,3257.4
9,6671.3
147,60451.2
251,6790.3
108,1864.5
356,4275.9
382,2379.7
442,71952.0
215,2510.2
265,7912.9
15,4374.4
82,6788.3
86,1858.3
498,6869.1
361,76700.4
346,4036.1
223,7685.2
58,3582.2
79,5327.6
488,7191.7
377,7046.1
342,9286.1
154,4695.8
66,3752.3
391,55.4
48,3627.5
34,3026.7
490,8479.6
216,21647.5
140,36470.0
120,211.6
266,6190.3
166,2329.5
35,3682.0
335,3186.0
236,3172.7
217,2460.5
158,5943.2
257,4933.0
205,3578.7
206,6610.0
380,2788.1
310,3555.3
489,3389.0
464,7609.0
497,2012.0
392,5212.7
30,6101.0
93,2707.2
83,3541.7
287,5326.7
275,9071.4
276,7110.9
188,5106.8
469,8677.1
70,6474.0
343,70858.5
341,6079.2
226,8084.1
334,8678.7
445,1710.2
90,3906.0
16,2542.3
388,5822.7
302,3394.9
13,5247.9
209,28862.0
336,2882.3
322,68640.0
141,1386.9
333,6390.9
486,3474.7
483,2684.0
7,90822.1
252,60042.1
416,745.9
459,87530.0
194,6187.8
316,3211.9
401,5990.7
150,63510.0
99,4758.0
156,7760.9
160,6719.0
305,75344.9
175,2810.8
420,90999.1
435,7095.5
78,8875.0
438,5314.0
250,2770.4
434,12280.0
177,3287.4
119,7388.0
139,3124.2
22,6845.1
491,14124.0
151,2790.8
291,7904.9
37,51.1
482,14578.2
98,7539.7
364,654.0
379,8147.5
61,5393.0
84,79099.0
114,4987.0
62,11693.1
271,4044.1
153,7659.7
87,6129.4
135,8604.5
125,15850.0
152,70997.1
381,6106.7
56,4512.1
46,11504.4
127,2949.0
405,6408.7
292,2916.3
426,6276.7
207,802270.0
449,6974.4
21,4987.4
404,3090.6
123,77857.4
415,6182.0
366,60731.4
129,6300.3
272,4291.1
376,6961.0
397,21247.5
75,1823.6
243,5287.1
47,3242.6
244,8708.6
167,500.4
69,2470.5
102,9602.8
19,4958.0
65,8941.6
161,3532.8
352,2876.7
290,2617.0
249,1778.5
365,749.6
191,2218.0
475,11444.5
81,6900.4
230,3562.5
338,394.1
112,329.7
28,5787.8
421,3458.1
115,2639.0
131,2268.1
4,3809.4
214,7799.7
448,963.4
183,2645.9
36,3781.8
92,4082.0
286,6976.5
412,1380.6
371,7128.9
495,3432.3
480,96705.4
441,887.0
248,1850.7
155,99883.1
362,3398.1
1,7709.6
432,9014.7
354,7801.7
394,3668.1
192,418.1
59,4600.4
332,1983.7
347,8323.6
370,2252.9
340,1058.9
231,1731.8
270,3678.0
2,20986.5
323,7346.5
375,1833.3
473,2896.9
317,3246.0
424,2494.6
77,5698.2
240,15971.3
218,74452.0
117,6318.3
327,6077.5
309,621.0
386,703.0
180,4929.7
284,3099.4
460,667.5
111,70676.3
208,4281.0
470,4423.1
269,78458.2
94,2706.8
88,78439.9
422,75998.0
363,2101.5
454,5434.0
471,8464.1
89,3528.6
118,4146.0
308,4350.9
238,7988.9
32,7017.9
197,1958.7
344,329.8
472,8016.1
23,4822.5
45,3803.5
466,21147.3
280,2698.8
463,745.9
31,4665.5
274,1415.0
228,3008.5
396,76432.0
40,70613.6
256,6739.0
262,3281.5
413,6000.6
97,8534.4
360,5798.8
64,5710.7
282,3302.9
100,6921.0
390,2426.9
350,7916.5
321,6611.9
220,11249.3
174,2985.0
484,7391.5
137,8567.0
91,4353.5
374,1877.6
499,631.9
456,7477.0
297,18687.7
268,1591.3
440,11069.8
159,2133.7
320,10714.5
171,4800.2
368,4498.6
419,8606.6
414,29913.5
239,5770.4
283,3310.0
181,3581.4
348,832.2
428,791.4
201,4714.9
24,1595.5
20,21120.7
246,6337.3
221,3210.1
427,583.0
49,1428.8
398,3054.0
41,7748.3
224,2833.8
400,51050.4
245,6450.8
234,10285.5
76,3705.8
261,3261.2
326,2755.4
168,8791.4
263,263.8
173,52110.0
384,30284.7
55,6192.8
95,7850.8
325,2978.9
458,2478.5
339,3900.8
51,1656.7
433,199.9
12,836.6
165,5943.5
500,6099.5
128,6289.1
210,1651.6
26,8771.0
437,4075.8
311,4870.9
372,2587.4
467,71086.2
383,3284.9
187,1279.7
122,6822.4
204,36400.0
359,5276.8
487,31470.0
329,4011.7
14,2307.0
190,71261.7
353,8084.6
431,3292.9
314,9170.8
478,4235.0
328,39179.9
179,4677.2
278,1741.9
294,3456.7
195,5553.3
273,3181.2
110,141.0
408,2798.4
96,3621.4
39,6808.9
33,72218.5
496,5959.4
53,6389.2
